seeds: 2276375722 160148132 3424292843 82110297 1692203766 342813967 3289792522 103516087 2590548294 590357761 1365412380 80084180 3574751516 584781136 4207087048 36194356 1515742281 174009980 6434225 291842774

seed-to-soil map:
4170452318 3837406401 124514978
2212408060 1593776674 105988696
3837406401 4016132523 278834773

soil-to-fertilizer map:
2067774073 3521970321 52706909
3338663639 285713733 377282283
4175452431 2125409520 119514865

fertilizer-to-water map:
1898912715 0 159034880
0 781591504 125461131
4234890433 2427770485 8749678
water-to-light map:
527906959 2908176499 284796856
1306013866 0 139756297
500839409 1466481782 27067550

light-to-temperature map:
2621973104 3678827401 230150807
1333642604 1531317439 615453278
3364444750 2854318675 314483239

temperature-to-humidity map:
1008510114 1939290935 27755995
2205283444 4197517502 16218189
1119061522 3123774174 108864966

humidity-to-location map:
2849843584 4147982382 56632112
3849085050 3618212322 355529444
1632881348 407047779 65646492